4294967278,300
4294967278,299
4294967278,298
4294967278,297
4294967278,296
4294967278,295
4294967278,294
12,7
12,6
4294967278,293
12,5
12,4
12,3
12,2
12,1
4294967294,186
4294967294,470
4294967294,83
11,4
11,3
11,2
11,1
4294967278,292
10,6
10,5
10,4
10,3
10,2
10,1
4294967294,142
4294967278,291
9,8
9,7
9,6
9,5
9,4
9,3
9,2
9,1
4294967294,436
4294967294,204
8,24
8,23
8,22
8,21
8,20
8,19
8,18
8,17
8,16
8,15
8,14
8,13
8,12
8,11
8,10
8,9
8,8
8,7
8,6
8,5
8,4
8,3
8,2
8,1
4294967278,290
4294967294,141
4294967278,289
7,5
7,4
7,3
7,2
7,1
4294967278,288
6,5
6,4
6,3
6,2
6,1
4294967278,287
5,15
5,14
5,13
5,12
5,11
5,10
5,9
5,8
5,7
5,6
5,5
5,4
5,3
5,2
5,1
4294967278,286
4,192
4,154
4,193
4,29
4294967279,306
4,153
4,91
4,89
4,152
4,90
4,151
4294967279,305
4,88
4,150
4,86
4,149
4,87
4294967279,304
4,148
4,85
4,147
4,83
4,146
4294967279,303
4,84
4,145
4,144
4,82
4,81
4294967279,302
4,143
4,76
4,142
4,141
4,79
4294967279,301
4,140
4,139
4,80
4,78
4,75
4,138
4294967279,300
4,77
4,137
4,136
4,74
4294967279,299
4,72
4,135
4,73
4,134
4,133
4,71
4294967279,298
4,70
4,132
4,69
4,131
4,130
4294967279,297
4,66
4,129
4,68
4,128
4,64
4,67
4294967279,296
4,60
4,65
4,61
4,63
4294967279,295
4,62
4,58
4,54
4,59
4,55
4,57
4294967279,294
4,56
4,52
4,49
4,53
4,48
4,51
4294967279,293
4,50
4,43
4,46
4,47
4,41
4,45
4294967279,292
4,44
4,38
4,42
4,39
4,40
4294967279,291
4,35
4,33
4,37
4,36
4,31
4294967279,290
4,34
4,27
4,32
4,30
4294967279,289
4,24
4,28
4,22
4,26
4,25
4,20
4294967279,288
4,23
4,16
4,21
4,18
4,19
4294967279,287
4,14
4,17
4,12
4,15
4,13
4,11
4,6
4,5
4294967279,286
4,10
4,9
4,8
4,7
4294967278,285
4294967278,284
4,4
4,3
4,2
4,1
4294967278,283
4294967294,469
4294967278,282
3,9
3,8
3,7
3,6
3,5
3,4
3,3
3,2
3,1
2,26
2,25
2,16
2,24
2,23
2,22
2,21
4294967279,285
2,20
2,19
2,18
2,17
2,12
2,15
2,14
2,13
2,11
2,5
4294967279,284
2,10
2,9
2,8
4294967279,283
2,7
2,6
4294967278,274
2,4
2,3
2,2
2,1
4294967279,282
4294967278,273
4294967279,281
4294967293,131
4294967293,130
4294967293,129
4294967293,128
4294967293,127
4294967293,126
4294967293,125
4294967293,124
4294967293,123
4294967293,122
4294967293,121
4294967293,120
4294967293,119
4294967293,118
4294967293,117
4294967293,116
4294967293,115
4294967293,114
4294967293,113
4294967293,112
4294967293,111
4294967293,110
4294967293,109
4294967293,108
4294967293,107
4294967293,106
4294967293,105
4294967293,104
4294967293,103
4294967293,102
4294967293,101
4294967293,100
4294967293,99
4294967293,98
